<?xml version="1.0"?>
<opencv_storage>
<edge_costs type_id="opencv-matrix">
  <rows>40</rows>
  <cols>80</cols>
  <dt>f</dt>
  <data>
    10000000. 10000000. 10000000. 10000000. 10000000. 10000000.
    10000000. 10000000. 10000000. 10000000. 10000000. 10000000.
    10000000. 10000000. 10000000. 2. 1.79999995e+00 1.60000002e+00
    1.39999998e+00 1. 1.20000005e+00 1.39999998e+00 1.60000002e+00
    5.55658398e+03 5.81400098e+03 6.02185889e+03 6.20770215e+03
    6.37377783e+03 6.48546387e+03 6.59451221e+03 6.67874902e+03
    6.71394336e+03 6.68973145e+03 6.66577783e+03 6.60455420e+03
    6.52860596e+03 6.43328857e+03 6.35579102e+03 6.25533301e+03
    6.18414355e+03 6.11401807e+03 6.09447021e+03 6.06300635e+03
    6.10116895e+03 6.15305127e+03 6.25818604e+03 6.42571240e+03
    6.64567725e+03 6.91473096e+03 7.20625781e+03 7.49309375e+03
    7.78026758e+03 8.01525098e+03 8.22302637e+03 8.37967676e+03
    8.48042383e+03 8.49427930e+03 8.48400195e+03 8.40416016e+03
    8.23330371e+03 8.00657227e+03 7.73984131e+03 7.45641260e+03
    7.13597900e+03 6.82352295e+03 6.53338770e+03 6.26241064e+03
    6.01777832e+03 5.79109961e+03 5.61021143e+03 5.49071631e+03 2. 1.
    5.52930664e+03 5.67758203e+03 5.82927002e+03 5.99519580e+03
    6.20573633e+03 6.42998633e+03 6.65878271e+03 10000000. 10000000.
    10000000. 10000000. 10000000. 10000000. 10000000. 10000000.
    10000000. 10000000. 10000000. 10000000. 10000000. 10000000.
    10000000. 2. 1.79999995e+00 1.60000002e+00 1.39999998e+00 1.
    1.20000005e+00 1.39999998e+00 1.60000002e+00 5.55658398e+03
    5.81400098e+03 6.02185889e+03 6.20770215e+03 6.37377783e+03
    6.48546387e+03 6.59451221e+03 6.67874902e+03 6.71394336e+03
    6.68973145e+03 6.66577783e+03 6.60455420e+03 6.52860596e+03
    6.43328857e+03 6.35579102e+03 6.25533301e+03 6.18414355e+03
    6.11401807e+03 6.09447021e+03 6.06300635e+03 6.10116895e+03
    6.15305127e+03 6.25818604e+03 6.42571240e+03 6.64567725e+03
    6.91473096e+03 7.20625781e+03 7.49309375e+03 7.78026758e+03
    8.01525098e+03 8.22302637e+03 8.37967676e+03 8.48042383e+03
    8.49427930e+03 8.48400195e+03 8.40416016e+03 8.23330371e+03
    8.00657227e+03 7.73984131e+03 7.45641260e+03 7.13597900e+03
    6.82352295e+03 6.53338770e+03 6.26241064e+03 6.01777832e+03
    5.79109961e+03 5.61021143e+03 5.49071631e+03 2.09999990e+00
    1.10000002e+00 5.52930664e+03 5.67758203e+03 5.82927002e+03
    5.99519580e+03 6.20573633e+03 6.42998633e+03 6.65878271e+03
    10000000. 10000000. 10000000. 10000000. 10000000. 10000000.
    10000000. 10000000. 10000000. 10000000. 10000000. 10000000.
    10000000. 10000000. 10000000. 2. 1.79999995e+00 1.60000002e+00
    1.39999998e+00 1. 1.20000005e+00 1.39999998e+00 1.60000002e+00
    5.55658398e+03 5.81400098e+03 6.02185889e+03 6.20770215e+03
    6.37377783e+03 6.48546387e+03 6.59451221e+03 6.67874902e+03
    6.71394336e+03 6.68973145e+03 6.66577783e+03 6.60455420e+03
    6.52860596e+03 6.43328857e+03 6.35916064e+03 6.26280127e+03
    6.19491016e+03 6.13029541e+03 6.11571143e+03 6.08733594e+03
    6.12722168e+03 6.17997998e+03 6.28511377e+03 6.45263965e+03
    6.67260449e+03 6.94165820e+03 7.23318506e+03 7.52002100e+03
    7.80719482e+03 8.04135400e+03 8.24796973e+03 8.40438184e+03
    8.50481738e+03 8.52168652e+03 8.51387598e+03 8.43414355e+03
    8.26352051e+03 8.03679004e+03 7.77005957e+03 7.48663037e+03
    7.16775293e+03 6.85823779e+03 6.57404395e+03 6.30891846e+03
    6.06926514e+03 5.84378467e+03 5.66789990e+03 5.54320459e+03 1.
    5.49774512e+03 5.56781836e+03 5.71498389e+03 5.86667236e+03
    6.03259814e+03 6.24439746e+03 6.46950879e+03 6.69757275e+03
    10000000. 10000000. 10000000. 10000000. 10000000. 10000000.
    10000000. 10000000. 10000000. 10000000. 10000000. 10000000.
    10000000. 10000000. 10000000. 2.09999990e+00 1.89999998e+00
    1.70000005e+00 1.50000000e+00 1.10000002e+00 1.30000007e+00
    1.50000000e+00 1.70000005e+00 1.89999998e+00 5.73609863e+03
    5.94065137e+03 6.12071826e+03 6.27966211e+03 6.38098340e+03
    6.47648682e+03 6.54915283e+03 6.56930127e+03 6.52773242e+03
    6.48261523e+03 6.39634229e+03 6.29003564e+03 6.16543018e+03
    6.06060449e+03 5.93649023e+03 5.84128027e+03 5.75064844e+03
    5.71175195e+03 5.66108301e+03 5.68377783e+03 5.72864307e+03
    5.82877246e+03 5.99878955e+03 6.22767725e+03 6.51063281e+03
    6.82287109e+03 7.13813184e+03 7.45463721e+03 7.72019141e+03
    7.95584180e+03 8.14109375e+03 8.26965430e+03 8.31283984e+03
    8.32960254e+03 8.27195508e+03 8.11634326e+03 7.90036963e+03
    7.64104785e+03 7.36545361e+03 7.05266992e+03 6.74750635e+03
    6.46789697e+03 6.20784180e+03 5.97239990e+03 5.74748975e+03
    5.57270459e+03 2.09999990e+00 1.76666665e+00 1.10000002e+00
    1.43333340e+00 5.61398389e+03 5.76071387e+03 5.91989648e+03
    6.12000049e+03 6.33224414e+03 6.54610596e+03 10000000. 10000000.
    10000000. 10000000. 10000000. 10000000. 10000000. 10000000.
    10000000. 10000000. 10000000. 10000000. 10000000. 10000000.
    10000000. 1.10000002e+00 1.03333330e+00 9.66666698e-01
    8.99999976e-01 8.33333373e-01 7.66666651e-01 6.99999988e-01
    6.33333325e-01 5.66666663e-01 4.99999970e-01 4.33333308e-01
    3.66666645e-01 2.99999923e-01 2.33333260e-01 1.66666597e-01
    1.00000001e-01 1.00000001e-01 1.00000001e-01 1.00000001e-01
    1.00000001e-01 1.00000001e-01 1.66666672e-01 2.33333349e-01
    3.00000012e-01 3.66666675e-01 4.33333337e-01 5.00000060e-01
    5.66666722e-01 6.33333385e-01 7.00000048e-01 7.66666710e-01
    8.33333373e-01 9.00000095e-01 9.66666758e-01 1.03333342e+00
    1.10000002e+00 5.49723193e+03 5.77095654e+03 6.01542285e+03
    6.21556836e+03 6.35556689e+03 6.42062695e+03 6.47127637e+03
    6.45458398e+03 6.32413525e+03 6.13184082e+03 5.88039355e+03
    5.61377490e+03 1.10000002e+00 1.00000001e-01 1.00000001e-01
    1.00000001e-01 1.00000001e-01 1.00000001e-01 1.00000001e-01
    1.00000001e-01 1.00000001e-01 1.00000001e-01 1.00000001e-01
    1.00000001e-01 1.00000001e-01 1.00000001e-01 1.00000001e-01
    1.00000001e-01 1.00000001e-01 10000000. 10000000. 10000000.
    10000000. 10000000. 10000000. 10000000. 10000000. 10000000.
    10000000. 10000000. 10000000. 10000000. 10000000. 10000000.
    1.20000005e+00 1.13333333e+00 1.06666672e+00 9.99999940e-01
    9.33333337e-01 8.66666615e-01 7.99999952e-01 7.33333290e-01
    6.66666627e-01 5.99999964e-01 5.33333302e-01 4.66666639e-01
    3.99999917e-01 3.33333254e-01 2.66666591e-01 2.00000003e-01
    2.00000003e-01 2.00000003e-01 2.00000003e-01 2.00000003e-01
    2.00000003e-01 2.00000003e-01 2.00000003e-01 2.00000003e-01
    2.00000003e-01 2.00000003e-01 2.00000003e-01 2.00000003e-01
    2.00000003e-01 2.00000003e-01 2.00000003e-01 2.00000003e-01
    2.00000003e-01 2.00000003e-01 2.00000003e-01 2.00000003e-01
    2.00000003e-01 2.00000003e-01 2.00000003e-01 2.00000003e-01
    2.00000003e-01 2.00000003e-01 2.00000003e-01 2.00000003e-01
    2.00000003e-01 2.00000003e-01 2.00000003e-01 2.00000003e-01
    2.00000003e-01 2.00000003e-01 2.00000003e-01 2.00000003e-01
    2.00000003e-01 2.00000003e-01 2.00000003e-01 2.00000003e-01
    2.00000003e-01 2.00000003e-01 2.00000003e-01 2.00000003e-01
    2.00000003e-01 2.00000003e-01 2.00000003e-01 2.00000003e-01
    2.00000003e-01 3.40282347e+38 3.40282347e+38 3.40282347e+38
    3.40282347e+38 3.40282347e+38 3.40282347e+38 3.40282347e+38
    3.40282347e+38 3.40282347e+38 3.40282347e+38 3.40282347e+38
    3.40282347e+38 3.40282347e+38 3.40282347e+38 3.40282347e+38
    3.40282347e+38 3.40282347e+38 3.40282347e+38 3.40282347e+38
    3.40282347e+38 3.40282347e+38 3.40282347e+38 3.40282347e+38
    3.40282347e+38 3.40282347e+38 3.40282347e+38 3.40282347e+38
    3.40282347e+38 3.40282347e+38 3.40282347e+38 3.40282347e+38
    3.40282347e+38 3.40282347e+38 3.40282347e+38 3.40282347e+38
    3.40282347e+38 3.40282347e+38 3.40282347e+38 3.40282347e+38
    3.40282347e+38 3.40282347e+38 3.40282347e+38 3.40282347e+38
    3.40282347e+38 3.40282347e+38 3.40282347e+38 3.40282347e+38
